1237.68909057
619.095278123
559.895671727
408.681326371
430.668713086
470.233446333
425.487910139
389.764163308
487.884795108
409.29507796
387.916632361
387.681065357
376.111615012
359.593088138
342.455824914
365.365959617
364.235332495
371.267412402
359.8105916
359.783574167
362.67732518
363.434265708
343.485382208
333.830650738
329.081447545
325.65689438
322.044074906
319.420561628
326.172422967
327.190797605
329.973338786
335.867095699
316.896341734
314.259338556
310.997514547
336.363086797
323.046534472
316.268738889
316.970268935
341.835937995
307.255277201
307.224465528
311.420127777
306.24624937
307.59648063
311.215271425
318.801834338
320.303691547
311.968329911
305.47054527
1493.18082969
687.494504841
616.283167497
552.326511356
478.438483178
488.157054093
392.116514395
409.159008773
392.155690599
380.029397807
363.408506909
357.601447493
355.923136369
369.094560125
315.958637438
324.341076356
308.909154899
324.249745603
325.878599434
313.743795061
301.230634907
283.502392462
260.319310293
1574.98351247
688.66434552
645.345178381
559.517798421
546.375136446
536.383441268
546.758239367
541.487819151
550.767481283
524.636463853
529.025050176
529.030317091
541.395736241
538.289821449
538.837474749
525.717575367
534.843691581
521.648980245
502.199399092
493.143805749
488.693364102
498.933410105
487.600216374
500.869355423
486.377550347
479.996360964
486.312887296
491.524016924
480.929278324
481.461764145
480.559311551
478.359089561
480.353691293
477.643651653
478.414979289
502.570010521
512.628771121
496.070797899
475.736644567
471.59612229
473.010103226
486.176021962
479.135419681
470.78129063
476.027705845
473.264728258
474.719674939
473.595092021
471.195758282
474.946518097
